0
101
202
303
404
505
506
507
508
509
510
511
512
513
514
515
516
617
718
819
820
821
822
823
824
825
926
1027
1028
1029
1030
1031
1032
1033
1034
1035
1036
1037
1038
1039
1040
1041
1042
1143
1242
1241
1340
1439
1438
1337
1236
1235
1234
1333
1432
1531
1630
1729
1828
1827
1826
1825
1824
1823
1822
1821
1820
1819
1818
1817
1816
1815
1814
1813
1812
1911
2011
2111
2211
2311
2411
2512
2613
2714
2815
2916
3017
3118
3219
3320
3421
3522
3623
3724
3825
3926
4027
4128
4229
4330
4431
4532
4633
4734
4835
4936
4937
4938
4939
4940
4941
4942
4943
4944
4945
4946
4947
4948
4949
4950
4951
4952
4953
4954
4955
4956
4957
4958
4959
4960
4961
4962
4963
4964
4965
4966
4967
4868
4767
4766
4765
4764
4763
4762
4761
4760
4759
4758
4657
4558
4559
4560
4561
4562
4563
4564
4465
4364
4363
4262
4161
4160
4159
4158
4057
3958
3959
3960
3961
3962
3963
3964
3965
3966
4067
4167
4267
4368
4369
4370
4371
4372
4373
4374
4375
4376
4277
4178
4079
3980
3879
3878
3877
3876
3875
3874
3773
3872
3971
3970
3869
3768
3767
3766
3765
3764
3663
